station_m elevation_m
0.0 27.979999999981374
16.92019066501525 28.020000000018626
28.46399629265652 17.9
58.11397191573633 16.4
76.05474431087495 11.2
87.24707019740599 9.560000000009314
89.24703144691884 8.85
91.24683668741491 8.370000000018626
93.24679793725954 8.120000000018626
95.24675918676658 7.779999999981373
97.24672043632017 7.429999999981374
99.24730635047891 7.260000000009313
101.24726760026533 7.129999999981374
103.24722884981892 6.839999999990686
105.24640918173827 6.310000000009313
107.24699509594939 6.0120000000111755
109.24695634573581 5.883000000007451
111.24691759524868 5.393999999994412
113.2468788447848 4.945000000018626
115.24746475894935 4.4959999999962745
117.24664509115973 4.047000000020489
119.24660634071915 3.8040000000037253
121.24656759022037 4.058000000007451
123.24715350441984 3.5
125.24711475420627 2.5200000000186265
127.24707600371912 1.9899999999906868
129.24625633597606 2.2600000000093132
131.2468422501348 2.3260000000242145
133.246803499636 1.922000000020489
135.2467647491896 1.5180000000167637
137.24672599897605 1.043999999994412
139.2473119131755 1.1470000000204892
141.24727316268837 1.0149999999906867
143.24645349461935 0.993999999994412
145.2470394088188 0.9720000000204891
147.24700065860526 0.9510000000242144
149.24696190815885 0.9299999999813735
151.24692315766006 0.9089999999850988
153.2475090718188 0.8879999999888242
155.24668940407574 0.8669999999925494
157.24665065358857 0.8459999999962747
159.24661190308979 0.825
161.24719781728928 0.6959999999962747
163.2471590670757 0.6510000000242144
165.24712031663512 0.6120000000111758
167.2463006485603 0.6649999999906868
169.246886562719 0.6379999999888242
171.24684781254618 0.6180000000167638
173.24680906205904 0.6549999999813736
175.24677031184547 0.6560000000055879
177.24735622605658 0.6580000000074506
179.2473174755578 0.6589999999850988
181.24649780752952 0.6600000000093132
183.24645905731595 0.6270000000018626
185.2470449714805 0.5950000000186264
187.24700622102827 0.5709999999962747
189.2469674705353 0.5470000000204891
191.24755338473477 0.5229999999981374
193.24673371694516 0.49900000002235173
195.24669496644637 0.475
197.24665621599996 0.45800000000745056
199.2472421301587 0.15
201.24720337995677 -0.2600000000093132
203.24716462951037 -0.85
205.2463449614297 -1.2200000000186264
207.24693087558845 -1.8089999999850987
209.24689212542725 -1.6
211.24685337492846 -1.3200000000186265
213.24681462447626 -0.45
215.24740053863496 0.12000000001862646
217.2473617884272 0.33999999999068675
219.24654212039894 0.3899999999906868
221.24650336990015 0.41000000000931325
223.24708928410547 0.9620000000111759
225.24705053389772 0.9450000000186265
227.24701178340473 0.728000000026077
229.2469730332494 0.7540000000037252
231.24677827374543 0.7200000000186264
233.24673952324665 1.0680000000167638
235.24670077280607 0.40499999998137354
237.24666202259831 1.5180000000167637
239.24724793680943 1.6120000000111758
241.24720918630481 1.6520000000018626
243.24638951823 1.8479999999981374
245.24697543242945 1.7770000000018626
247.24693668222753 1.637000000011176
249.24689793172874 1.5859999999869614
251.24685918127653 1.5339999999850988
253.24744509543524 1.4830000000074506
255.2474063452799 1.4319999999832362
257.2465866771992 1.381000000005588
259.2465479267063 1.3510000000242144
261.24713384090575 1.2020000000018627
263.24709509070965 0.9520000000018627
265.24705634024576 0.7080000000074506
267.2470175897586 0.48199999998323617
269.2468228302605 0.5270000000018626
271.2467840800993 0.3640000000130385
273.24674532960637 0.39500000001862645
275.2467065793986 0.4439999999944121
277.24729249360973 0.4859999999869615
279.2472537431051 0.528000000026077
281.24643407503027 0.5700000000186265
283.24639532486907 0.618999999994412
285.24698123902783 0.6479999999981374
287.2469424885756 0.6419999999925494
289.24690373808846 0.6359999999869614
291.24686498787486 0.631000000005588
293.2474509020802 0.625
295.2466312339995 0.618999999994412
297.2465924835589 0.6129999999888242
299.247178397706 0.65
301.2471396475099 0.6839999999850989
303.24710089704604 0.7410000000149012
305.2470621465589 0.7830000000074506
307.246867387055 0.7370000000111758
309.2468286368996 0.7430000000167638
311.24678988640665 0.7069999999832361
313.2467511359602 0.6899999999906867
315.247337050119 0.6760000000242143
317.24729829990537 0.7270000000018626
319.2464786318771 0.8430000000167638
321.24643988166935 0.9169999999925494
323.2470257958281 0.9310000000055879
325.2469870453759 1.122000000020489
327.24694829488874 1.3640000000130386
329.2469095447159 1.5390000000130386
331.24749545888045 2.022999999998137
333.24667579079977 2.506999999983236
335.2466370403592 2.866000000014901
337.24659829014564 3.079000000003725
339.2471842043451 3.493000000016764
341.2471454538463 4.424000000022351
343.2471067033592 4.71699999999255
345.2462870356161 4.981999999983236
347.24687294977485 5.104000000003725
349.24683419927607 5.214999999990686
351.24679544882963 5.3220000000204895
353.24738136297674 5.635999999986962
355.24734261281554 5.456999999983236
357.2465229447465 5.1729999999981375
359.2464841942594 5.510000000009313
361.24707010845884 6.029000000003725
363.2470313582453 6.5479999999981375
365.2469926077465 6.9799999999813735
367.2469538573001 7.4390000000130385
369.24753977145883 7.939999999990687
371.2467201037158 8.279000000003725
373.2466813532286 8.749000000022352
375.24664260301506 9.229999999981374
377.2472285172204 9.718999999994413
379.24718976671574 10.218999999994413
381.24715101627515 10.745000000018626
383.24633134848557 11.295999999996274
385.2469172626501 11.829999999981373
387.24687851218624 12.337000000011177
398.0678356309305 11.689999999990686
412.50440709191025 12.020000000018626
427.84768156033823 15.6
450.4046902660572 16.589999999990688
472.84466748302805 16.639999999990685
490.05944941109044 19.920000000018625
499.79154362293775 23.3
510.53556627233627 23.3
514.492745489016 19.839999999990688
531.6436043992696 19.289999999990687
